# ## 相机内参
# fx: 369.502083
# fy: 369.502083
# x0: 640
# y0: 360

## iris_fpv_cam相机内参
fx: 277.191356
fy: 277.191356
x0: 640
y0: 360

## 畸变参数
k1: 0.0
k2: 0.0
p1: 0.0
p2: 0.0
k3: 0.0

